因PPS信号波动导致前7帧lidar点云时间戳异常，因此使用VeloView手动提取
1672025242.600407362
1672025296.701784134
1672025329.400409698
1672025361.401785612
1672025420.000403166
1672025461.101779222
1672025493.500427008

1672025534.900423765
1672025570.500427723
1672025600.400428534
1672025637.101450205
1672025666.700426340
1672025697.301456928
1672025727.800426006
1672025763.301459789
1672025824.200429916
1672025857.001452446
1672025889.500426769
1672025921.701454163
1672025955.600426435
1672025993.001451969
1672026035.900423050
