1671260372.799935579
1671260402.199932098
1671260415.400002241
1671260433.099930525
1671260452.499931812
1671260465.500031471
1671260480.399934053
1671260495.699995279
1671260514.399937391
1671260528.899932623
1671260541.700000048
1671260555.600050926
1671260569.199938297
1671260580.199937582
1671260592.099934816
1671260604.999930382
1671260620.799927235
1671260632.999967337
1671260644.999931097
1671260655.899994373
1671260670.999926329
1671260684.399941206
1671260695.099930286
1671260706.699927568
1671260718.299940825
1671260736.399942398
1671260749.500000715
1671260761.199949265
1671260810.999931574
1671260824.699930429
1671260837.599998951
1671260856.699926615
1671260867.400016308
