1671606393.999923944
1671606408.099926472
1671606422.500010967
1671606473.899925470
1671606482.800008774
1671606500.099926710
1671606512.299998999
1671606523.099933147
1671606533.099932909
1671606556.500043154
1671606567.199932337
1671606579.899926901
1671606604.999932766
1671606614.700005293
1671606625.699927568
1671606657.099935055
1671606672.600017548
1671606683.599928141
1671606692.900008678
1671606702.900007248
1671606724.500013113
1671606733.899924994
1671606742.500020742
1671606752.400012016
1671606764.700005531
