1671260372.800794
1671260402.201846
1671260415.400660
1671260433.100256
1671260452.500666
1671260465.501768
1671260480.401255
1671260495.700177
1671260514.400105
1671260528.900726
1671260541.701779
1671260555.600309
1671260569.201340
1671260580.201943
1671260592.101819
1671260605.000316
1671260620.800151
1671260633.001902
1671260645.001873
1671260655.901804
1671260671.000177
1671260684.401761
1671260695.100349
1671260706.700884
1671260718.300408
1671260736.400620
1671260749.500728
1671260761.201684
1671260811.001922
1671260824.700338
1671260837.601599
1671260856.700742
1671260867.401689
