1671264360.699930191
1671264389.199928522
1671264411.800010204
1671264445.699999332
1671264471.099929094
1671264496.399935722
1671264521.899997234
1671264553.099928141
1671264587.300000668
1671264626.699932814
1671264670.599944592
1671264713.199926853
1671264752.599932432
1671264790.099939823
1671264813.300005198
1671264852.599932432
1671264874.999930143
1671264901.199935913
1671264964.299936295
1671264985.099928141
1671265010.199937820
1671265032.699930429
1671265072.799928665
1671265107.600040674
1671265138.599932432
1671265179.799997807
1671265228.799930096
