1672027181.900418997
0
1672027268.800377369
1672027406.901138544
1672027454.100383043
1672027495.801139116
1672027550.100373507
1672027600.901136875
1672027642.200381517
1672027737.801138639
1672027821.601140738
1672027864.000373840
1672027909.101136208
1672027958.900373220
1672028011.201143980
1672028049.500377417
1672028086.901136875
1672028131.700374603
1672028175.801139355
1672028216.600375414
1672028301.601141214
1672028352.900370359
1672028395.001137257
1672028443.700435877
1672028496.500436068
1672028541.500436068
1672028584.700435877
1672028637.400435925
1672028677.000435829
