1672027181.885482
0.000000
1672027268.754287
1672027406.875876
1672027454.094200
1672027495.765083
1672027550.082335
1672027600.873502
1672027642.167969
1672027737.784236
1672027821.627176
1672027864.022678
1672027909.077631
1672027958.894552
1672028011.166590
1672028049.490348
1672028086.886732
1672028131.688714
1672028175.772160
1672028216.551823
1672028301.566326
1672028352.850506
1672028395.025249
1672028443.725203
1672028496.541182
1672028541.507450
1672028584.662020
1672028637.391879
1672028676.998714
